# DESCRIPTION: Verilator output: Timestamp data for --skip-identical.  Delete at will.
C "-Wall --trace --public --x-assign unique --x-initial unique -cc top.v --exe tb_top.cpp"
S  15099104    47599  1709634907    61457384  1709634907    61457384 "/usr/local/share/verilator/bin/verilator_bin"
S      4942    47660  1709634907   501457485  1709634907   501457485 "/usr/local/share/verilator/include/verilated_std.sv"
S      1887    40925  1716368342   237805402  1716368342   237805402 "ALU.v"
S      2426    40926  1716368342   237805402  1716368342   237805402 "ALUControlUnit.v"
S      1365    40927  1716368342   237805402  1716368342   237805402 "BranchCalculator.v"
S      3380    40928  1716368342   237805402  1716368342   237805402 "BranchPredictor.v"
S       263    40929  1716368342   237805402  1716368342   237805402 "CLOG2.v"
S      6042    25140  1716637214   141136554  1716637214   141136554 "Cache.v"
S      3525    40931  1716368342   247805399  1716368342   247805399 "ControlUnit.v"
S      2431    40932  1716368342   247805399  1716368342   247805399 "DataMemory.v"
S       943    40933  1716368342   247805399  1716368342   247805399 "ForwardingUnit.v"
S       971    40934  1716368342   247805399  1716368342   247805399 "HazardDetectionUnit.v"
S      1614    40935  1716368342   247805399  1716368342   247805399 "ImmediateGenerator.v"
S      1072    25156  1716620387   481747527  1716620387   481747527 "InstMemory.v"
S       422    40938  1716368342   257805395  1716368342   257805395 "MissDetectionUnit.v"
S       350    40939  1716368342   257805395  1716368342   257805395 "PC.v"
S      1134    40940  1716368342   257805395  1716368342   257805395 "RegisterFile.v"
S       196    40942  1716368342   257805395  1716368342   257805395 "adder.v"
S     15146    25138  1716637440   921130638  1716637440   921130638 "cpu.v"
S       215    40945  1716368342   257805395  1716368342   257805395 "mux_2_to_1.v"
S       439    40946  1716368342   267805392  1716368342   267805392 "mux_4_to_1.v"
T      4811    25144  1716695431   143102410  1716695431   143102410 "obj_dir/Vtop.cpp"
T      3313    25119  1716695431   143102410  1716695431   143102410 "obj_dir/Vtop.h"
T      1817    25259  1716695431   163102405  1716695431   163102405 "obj_dir/Vtop.mk"
T      9719    25114  1716695431   143102410  1716695431   143102410 "obj_dir/Vtop__ConstPool_0.cpp"
T       800    21461  1716695431   143102410  1716695431   143102410 "obj_dir/Vtop__Syms.cpp"
T      1092    25113  1716695431   143102410  1716695431   143102410 "obj_dir/Vtop__Syms.h"
T       290    25256  1716695431   163102405  1716695431   163102405 "obj_dir/Vtop__TraceDecls__0__Slow.cpp"
T     55375    25257  1716695431   163102405  1716695431   163102405 "obj_dir/Vtop__Trace__0.cpp"
T    125026    25255  1716695431   163102405  1716695431   163102405 "obj_dir/Vtop__Trace__0__Slow.cpp"
T     24607    25249  1716695431   143102410  1716695431   143102410 "obj_dir/Vtop___024root.h"
T      1887    25253  1716695431   153102408  1716695431   153102408 "obj_dir/Vtop___024root__DepSet_h84412442__0.cpp"
T       845    25251  1716695431   143102410  1716695431   143102410 "obj_dir/Vtop___024root__DepSet_h84412442__0__Slow.cpp"
T    189265    25254  1716695431   153102408  1716695431   153102408 "obj_dir/Vtop___024root__DepSet_heccd7ead__0.cpp"
T    146871    25252  1716695431   153102408  1716695431   153102408 "obj_dir/Vtop___024root__DepSet_heccd7ead__0__Slow.cpp"
T      3069    25250  1716695431   143102410  1716695431   143102410 "obj_dir/Vtop___024root__Slow.cpp"
T       684    25248  1716695431   143102410  1716695431   143102410 "obj_dir/Vtop__pch.h"
T       964    25261  1716695431   163102405  1716695431   163102405 "obj_dir/Vtop__ver.d"
T         0        0  1716695431   163102405  1716695431   163102405 "obj_dir/Vtop__verFiles.dat"
T      1732    25258  1716695431   163102405  1716695431   163102405 "obj_dir/Vtop_classes.mk"
S      1575    40947  1716368342   267805392  1716368342   267805392 "opcodes.v"
S       297    40959  1716368342   267805392  1716368342   267805392 "top.v"
